0 19590103
1 19590109
2 19590117
3 19590121
4 19590124
5 19590125
6 19590126
7 19590127
8 19590205
9 19590219
10 19590220
11 19590224
12 19590227
13 19590302
14 19590310
15 19590313
16 19590316
17 19590317
18 19590323
19 19590402
20 19590410
21 19590422
22 19590502
23 19590505
24 19590511
25 19590514
26 19590515
27 19590517
28 19590610
29 19590724
30 19590727
31 19590728
32 19590817
33 19590914
34 19590919
35 19590923
36 19590924
37 19590929
38 19591020
39 19591021
40 19591022
41 19591023
42 19591026
43 19591027
44 19591105
45 19591113
46 19591119
47 19591128
48 19591130
49 19591214
50 19591215
51 19591216
52 19591218
53 19591221
54 19591223
55 19600120
56 19600219
57 19600223
58 19600224
59 19600307
60 19600314
61 19600327
62 19600328
63 19600330
64 19600418
65 19600425
66 19600501
67 19600502
68 19600516
69 19600523
70 19600608
71 19600609
72 19600610
73 19600611
74 19600616
75 19600623
76 19600625
77 19600629
78 19600707
79 19600711
80 19600719
81 19600726
82 19600811
83 19600821
84 19600830
85 19600831
86 19600902
87 19600909
88 19600926
89 19600927
90 19600928
91 19600929
92 19600930
93 19601011
94 19601015
95 19601016
96 19601030
97 19601031
98 19601109
99 19601116
100 19601124
101 19601125
102 19601128
103 19601201
104 19601202
105 19601215
106 19601217
107 19601219
108 19601220
109 19601221
110 19610101
111 19610103
112 19610105
113 19610116
114 19610118
115 19610124
116 19610128
117 19610201
118 19610202
119 19610212
120 19610214
121 19610304
122 19610306
123 19610307
124 19610308
125 19610314
126 19610322
127 19610325
128 19610328
129 19610329
130 19610408
131 19610409
132 19610418
133 19610420
134 19610423
135 19610427
136 19610502
137 19610503
138 19610512
139 19610514
140 19610518
141 19610520
142 19610607
143 19610630
144 19610706
145 19610718
146 19610728
147 19610809
148 19610817
149 19610818
150 19610822
151 19610823
152 19610826
153 19620601
154 19620604
155 19620605
156 19620606
157 19620614
158 19620626
159 19620629
160 19620630
161 19620703
162 19620706
163 19620713
164 19620717
165 19620719
166 19620723
167 19620724
168 19620725
169 19620726
170 19620801
171 19620809
172 19620811
173 19620816
174 19620819
175 19620825
176 19620828
177 19620901
178 19620911
179 19620926
180 19620927
181 19620930
182 19621002
183 19621010
184 19621013
185 19621016
186 19621017
187 19621018
188 19621024
189 19621027
190 19621028
191 19621102
192 19621104
193 19621107
194 19621108
195 19621110
196 19621116
197 19621120
198 19621207
199 19621229
200 19630102
201 19630116
202 19630117
203 19630223
204 19630225
205 19630313
206 19630331
207 19630411
208 19630415
209 19630418
210 19630420
211 19630428
212 19630507
213 19630510
214 19630511
215 19630513
216 19630515
217 19630517
218 19630520
219 19630521
220 19630523
221 19630605
222 19630606
223 19630618
224 19630702
225 19630703
226 19630707
227 19630716
228 19630721
229 19630726
230 19630727
231 19630728
232 19630810
233 19630823
234 19640202
235 19641101
236 19641114
237 19641121
238 19641123
239 19641206
240 19641209
241 19641222
242 19650122
243 19650202
244 19650220
245 19650304
246 19650314
247 19650420
248 19650502
249 19650518
250 19650528
251 19650608
252 19650617
253 19650619
254 19650628
255 19650724
256 19650726
257 19650929
258 19651001
259 19651004
260 19651022
261 19651024
262 19651101
263 19651108
264 19651125
265 19651203
266 19660202
267 19660206
268 19660216
269 19660227
270 19660314
271 19660320
272 19660406
273 19660415
274 19660420
275 19660502
276 19660630
277 19660720
278 19660726
279 19660830
280 19660910
281 19660918
282 19660927
283 19660929
284 19660930
285 19661204
286 19661210
287 19661219
288 19670102
289 19670107
290 19670129
291 19670201
292 19670220
293 19670313
294 19670314
295 19670420
296 19670430
297 19670519
298 19670726
299 19670728
300 19670811
301 19670929
302 19671030
303 19671210
304 19680102
305 19680113
306 19680314
307 19680316
308 19680410
309 19680420
310 19680530
311 19680611
312 19680705
313 19680706
314 19680718
315 19680725
316 19680726
317 19680824
318 19680929
319 19681002
320 19681010
321 19681011
322 19681115
323 19681209
324 19690105
325 19690108
326 19690130
327 19690314
328 19690515
329 19690527
330 19690604
331 19690714
332 19691019
333 19691028
334 19691106
335 19700210
336 19700319
337 19700421
338 19700423
339 19700520
340 19700521
341 19700531
342 19700725
343 19700726
344 19700727
345 19700824
346 19700910
347 19700929
348 19701208
349 19710420
350 19710425
351 19710501
352 19710502
353 19710518
354 19710521
355 19710525
356 19710607
357 19710608
358 19710615
359 19710628
360 19710629
361 19710630
362 19710707
363 19710712
364 19710726
365 19710729
366 19710730
367 19710731
368 19710801
369 19710802
370 19710805
371 19710806
372 19710807
373 19710815
374 19710825
375 19710830
376 19710831
377 19710902
378 19710916
379 19710920
380 19710921
381 19710929
382 19711001
383 19711015
384 19711019
385 19711028
386 19711030
387 19711109
388 19711110
389 19711111
390 19711112
391 19711113
392 19711114
393 19711115
394 19711116
395 19711117
396 19711118
397 19711119
398 19711121
399 19711122
400 19711123
401 19711124
402 19711125
403 19711126
404 19711127
405 19711129
406 19711130
407 19711201
408 19711202
409 19711203
410 19711204
411 19711205
412 19711221
413 19711223
414 19720103
415 19720117
416 19720214
417 19720405
418 19720426
419 19720501
420 19720503
421 19720505
422 19720506
423 19720507
424 19720508
425 19720509
426 19720510
427 19720512
428 19720516
429 19720517
430 19720518
431 19720523
432 19720524
433 19720525
434 19720526
435 19720527
436 19720528
437 19720530
438 19720531
439 19720603
440 19720605
441 19720606
442 19720607
443 19720609
444 19720610
445 19720612
446 19720613
447 19720614
448 19720615
449 19720616
450 19720617
451 19720618
452 19720619
453 19720621
454 19720622
455 19720623
456 19720624
457 19720625
458 19720626
459 19720627
460 19720629
461 19720702
462 19720703
463 19720704
464 19720705
465 19720706
466 19720707
467 19720708
468 19720720
469 19720724
470 19720726
471 19720730
472 19720809
473 19720813
474 19720816
475 19720909
476 19720925
477 19720927
478 19720929
479 19721014
480 19721018
481 19721028
482 19721126
483 19721206
484 19721211
485 19721212
486 19721213
487 19721214
488 19721217
489 19721219
490 19721222
491 19721224
492 19730104
493 19730227
494 19730304
495 19730331
496 19730405
497 19730406
498 19730407
499 19730421
500 19730425
501 19730501
502 19730505
503 19730512
504 19730627
505 19730628
506 19730714
507 19730727
508 19730728
509 19730730
510 19730804
511 19730806
512 19730831
513 19730902
514 19730903
515 19730904
516 19730905
517 19730908
518 19730909
519 19730911
520 19730912
521 19730913
522 19730916
523 19730917
524 19730918
525 19730920
526 19730928
527 19731004
528 19731006
529 19731011
530 19731022
531 19731028
532 19731116
533 19731128
534 19731205
535 19731222
536 19731230
537 19731231
538 19740114
539 19740116
540 19740124
541 19740128
542 19740129
543 19740131
544 19740203
545 19740204
546 19740205
547 19740209
548 19740211
549 19740214
550 19740215
551 19740220
552 19740223
553 19740224
554 19740226
555 19740228
556 19740301
557 19740302
558 19740303
559 19740305
560 19740313
561 19740326
562 19740415
563 19740501
564 19740511
565 19740519
566 19740523
567 19740525
568 19740630
569 19740701
570 19740702
571 19740703
572 19740704
573 19740709
574 19740714
575 19740717
576 19740726
577 19740812
578 19740826
579 19740903
580 19740909
581 19740914
582 19740920
583 19740922
584 19740925
585 19740929
586 19741011
587 19741019
588 19741024
589 19741103
590 19741116
591 19741123
592 19741124
593 19741130
594 19741205
595 19750101
596 19750104
597 19750109
598 19750110
599 19750111
600 19750112
601 19750114
602 19750118
603 19750122
604 19750128
605 19750129
606 19750131
607 19750205
608 19750206
609 19750209
610 19750212
611 19750214
612 19750218
613 19750221
614 19750225
615 19750316
616 19750320
617 19750321
618 19750322
619 19750323
620 19750327
621 19750402
622 19750409
623 19750416
624 19750418
625 19750419
626 19750501
627 19750502
628 19750506
629 19750508
630 19750509
631 19750510
632 19750529
633 19750530
634 19750703
635 19750710
636 19750711
637 19750720
638 19750721
639 19750726
640 19750729
641 19750805
642 19750901
643 19750916
644 19750925
645 19750929
646 19760606
647 19760607
648 19760718
649 19760726
650 19760901
651 19760926
652 19761015
653 19761109
654 19761114
655 19761202
656 19761209
657 19770119
658 19770218
659 19770304
660 19770321
661 19770410
662 19770419
663 19770421
664 19770506
665 19770518
666 19770601
667 19770602
668 19770607
669 19770624
670 19770702
671 19770712
672 19770717
673 19770718
674 19770720
675 19770723
676 19770726
677 19770727
678 19770728
679 19770729
680 19770812
681 19770924
682 19770926
683 19770930
684 19771003
685 19771004
686 19771010
687 19771011
688 19771013
689 19771030
690 19771103
691 19771104
692 19771105
693 19771106
694 19771107
695 19771108
696 19771110
697 19771124
698 19771126
699 19771201
700 19771202
701 19771209
702 19771210
703 19771212
704 19771213
705 19771214
706 19771217
707 19771221
708 19771223
709 19780120
710 19780130
711 19780215
712 19780315
713 19780423
714 19780426
715 19780626
716 19780701
717 19780717
718 19780904
719 19781006
720 19781202
721 19781205
722 19781206
723 19790101
724 19790314
725 19790323
726 19790714
727 19790715
728 19790726
729 19790903
730 19790909
731 19790930
732 19791001
733 19791012
734 19791022
735 19791202
736 19791218
737 19800308
738 19800320
739 19800501
740 19800529
741 19800614
742 19800712
743 19800719
744 19800724
745 19800726
746 19800729
747 19800801
748 19800802
749 19800901
750 19800927
751 19801016
752 19801029
753 19801031
754 19801107
755 19801205
756 19801217
757 19810104
758 19810111
759 19810120
760 19810211
761 19810213
762 19810224
763 19810225
764 19810301
765 19810302
766 19810303
767 19810313
768 19810326
769 19810401
770 19810402
771 19810417
772 19810420
773 19810421
774 19810426
775 19810504
776 19810518
777 19810521
778 19810528
779 19810604
780 19810616
781 19810626
782 19810627
783 19810707
784 19810708
785 19810719
786 19810726
787 19810727
788 19810728
789 19810731
790 19810915
791 19810916
792 19810921
793 19811025
794 19811116
795 19811210
796 19820210
797 19820314
798 19820404
799 19820411
800 19820517
801 19820718
802 19820726
803 19821203
804 19821211
805 19821221
806 19830116
807 19830307
808 19830518
809 19830711
810 19830714
811 19830715
812 19830717
813 19830718
814 19830719
815 19830723
816 19830726
817 19830727
818 19830728
819 19830801
820 19830803
821 19830804
822 19830807
823 19830810
824 19830812
825 19830907
826 19830920
827 19830927
828 19831022
829 19831026
830 19831027
831 19831101
832 19831102
833 19831104
834 19831114
835 19831116
836 19831126
837 19831127
838 19831201
839 19831202
840 19831203
841 19831206
842 19831221
843 19831222
844 19831227
845 19831229
846 19840102
847 19840103
848 19840104
849 19840105
850 19840111
851 19840202
852 19840209
853 19840210
854 19840213
855 19840216
856 19840217
857 19840223
858 19840224
859 19840225
860 19840307
861 19840321
862 19840329
863 19840330
864 19840401
865 19840403
866 19840406
867 19840407
868 19840416
869 19840505
870 19840510
871 19840513
872 19840516
873 19840517
874 19840529
875 19840530
876 19840608
877 19840626
878 19840627
879 19840628
880 19840629
881 19840702
882 19840705
883 19840706
884 19840709
885 19840715
886 19840716
887 19840726
888 19840727
889 19840729
890 19840730
891 19841019
892 19841029
893 19841030
894 19841031
895 19841101
896 19841102
897 19841103
898 19841111
899 19841115
900 19841122
901 19841123
902 19841201
903 19841202
904 19841205
905 19841206
906 19841207
907 19841209
908 19841211
909 19841215
910 19841220
911 19841221
912 19841227
913 19841228
914 19841229
915 19850111
916 19850116
917 19850117
918 19850211
919 19850212
920 19850213
921 19850216
922 19850218
923 19850222
924 19850308
925 19850330
926 19850417
927 19850530
928 19850602
929 19850604
930 19850608
931 19850614
932 19850622
933 19850702
934 19850707
935 19850708
936 19850710
937 19850711
938 19850720
939 19850721
940 19850726
941 19850731
942 19850804
943 19850805
944 19850915
945 19850918
946 19850919
947 19850920
948 19850921
949 19850929
950 19851001
951 19851009
952 19851015
953 19851016
954 19851017
955 19851030
956 19851129
957 19851216
958 19851221
959 19851223
960 19851224
961 19851226
962 19851227
963 19851228
964 19860101
965 19860303
966 19861201
967 19861202
968 19861203
969 19861205
970 19861209
971 19861211
972 19861212
973 19861218
974 19861219
975 19861220
976 19861222
977 19861224
978 19861225
979 19861226
980 19861227
981 19861229
982 19870107
983 19870108
984 19870109
985 19870110
986 19870111
987 19870113
988 19870115
989 19870116
990 19870117
991 19870123
992 19870125
993 19870128
994 19870131
995 19870205
996 19870208
997 19870211
998 19870220
999 19870223
1000 19870224
1001 19870225
1002 19870305
1003 19870312
1004 19870313
1005 19870314
1006 19870316
1007 19870317
1008 19870318
1009 19870319
1010 19870320
1011 19870323
1012 19870326
1013 19870329
1014 19870401
1015 19870402
1016 19870403
1017 19870404
1018 19870405
1019 19870406
1020 19870407
1021 19870408
1022 19870409
1023 19870411
1024 19870420
1025 19870421
1026 19870424
1027 19870501
1028 19870502
1029 19870508
1030 19870509
1031 19870515
1032 19870516
1033 19870517
1034 19870520
1035 19870521
1036 19870524
1037 19870527
1038 19870530
1039 19870625
1040 19870626
1041 19870628
1042 19870630
1043 19870711
1044 19870712
1045 19870726
1046 19870805
1047 19870820
1048 19870822
1049 19870823
1050 19870909
1051 19870918
1052 19870920
1053 19870929
1054 19870930
1055 19871008
1056 19871021
1057 19871115
1058 19871124
1059 19871126
1060 19871128
1061 19871130
1062 19871202
1063 19871203
1064 19871204
1065 19871205
1066 19871206
1067 19871209
1068 19871210
1069 19871225
1070 19871226
1071 19871229
1072 19880101
1073 19880107
1074 19880116
1075 19880117
1076 19880122
1077 19880125
1078 19880129
1079 19880205
1080 19880212
1081 19880214
1082 19880220
1083 19880228
1084 19880302
1085 19880311
1086 19880313
1087 19880314
1088 19880317
1089 19880326
1090 19880329
1091 19880407
1092 19880408
1093 19880417
1094 19880429
1095 19880430
1096 19880502
1097 19880503
1098 19880510
1099 19880521
1100 19880522
1101 19880523
1102 19880526
1103 19880528
1104 19880529
1105 19880531
1106 19880603
1107 19880609
1108 19880617
1109 19880622
1110 19880626
1111 19880627
1112 19880705
1113 19880706
1114 19880707
1115 19880708
1116 19880709
1117 19880712
1118 19880715
1119 19880716
1120 19880718
1121 19880719
1122 19880720
1123 19880721
1124 19880722
1125 19880723
1126 19880724
1127 19880725
1128 19880726
1129 19880727
1130 19880802
1131 19880809
1132 19880810
1133 19880811
1134 19880812
1135 19880813
1136 19880816
1137 19880819
1138 19880902
1139 19880904
1140 19880910
1141 19880912
1142 19880914
1143 19880916
1144 19880926
1145 19880927
1146 19881004
1147 19881005
1148 19881006
1149 19881007
1150 19881008
1151 19881028
1152 19881029
1153 19881107
1154 19881108
1155 19881114
1156 19881116
1157 19881117
1158 19881128
1159 19881129
1160 19881130
1161 19881201
1162 19881202
1163 19881203
1164 19881204
1165 19881205
1166 19881206
1167 19881207
1168 19881209
1169 19881212
1170 19881214
1171 19881219
1172 19881223
1173 19881230
1174 19890102
1175 19890104
1176 19890105
1177 19890106
1178 19890109
1179 19890128
1180 19890130
1181 19890202
1182 19890203
1183 19890204
1184 19890205
1185 19890206
1186 19890207
1187 19890208
1188 19890210
1189 19890216
1190 19890219
1191 19890220
1192 19890221
1193 19890222
1194 19890226
1195 19890228
1196 19890307
1197 19890311
1198 19890313
1199 19890323
1200 19890328
1201 19890403
1202 19890404
1203 19890405
1204 19890406
1205 19890413
1206 19890421
1207 19890428
1208 19890501
1209 19890502
1210 19890504
1211 19890505
1212 19890506
1213 19890508
1214 19890509
1215 19890510
1216 19890511
1217 19890526
1218 19890529
1219 19890601
1220 19890602
1221 19890605
1222 19890606
1223 19890616
1224 19890620
1225 19890627
1226 19890629
1227 19890630
1228 19890702
1229 19890712
1230 19890714
1231 19890717
1232 19890718
1233 19890719
1234 19890724
1235 19890726
1236 19890727
1237 19890905
1238 19890913
1239 19890915
1240 19890926
1241 19891002
1242 19891003
1243 19891004
1244 19891006
1245 19891012
1246 19891028
1247 19891030
1248 19891116
1249 19891202
1250 19891207
1251 19891214
1252 19891219
1253 19891220
1254 19891221
1255 19891222
1256 19891223
1257 19891228
1258 19891229
1259 19891230
1260 19900101
1261 19900102
1262 19900121
1263 19900122
1264 19900126
1265 19900129
1266 19900130
1267 19900202
1268 19900210
1269 19900220
1270 19900306
1271 19900312
1272 19900313
1273 19900315
1274 19900316
1275 19900317
1276 19900319
1277 19900323
1278 19900324
1279 19900325
1280 19900326
1281 19900328
1282 19900329
1283 19900404
1284 19900410
1285 19900411
1286 19900417
1287 19900427
1288 19900502
1289 19900506
1290 19900507
1291 19900512
1292 19900514
1293 19900605
1294 19900615
1295 19900629
1296 19900630
1297 19900702
1298 19900709
1299 19900711
1300 19900712
1301 19900715
1302 19900718
1303 19900719
1304 19900721
1305 19900724
1306 19900725
1307 19900726
1308 19900803
1309 19900807
1310 19900808
1311 19900827
1312 19900828
1313 19900912
1314 19900924
1315 19900925
1316 19900929
1317 19901003
1318 19901024
1319 19901031
1320 19901105
1321 19901106
1322 19901113
1323 19901218
1324 19901222
1325 19901226
1326 19901228
1327 19901229
1328 19910112
1329 19910117
1330 19910129
1331 19910130
1332 19910204
1333 19910205
1334 19910215
1335 19910216
1336 19910218
1337 19910219
1338 19910224
1339 19910310
1340 19910315
1341 19910320
1342 19910324
1343 19910325
1344 19910326
1345 19910402
1346 19910404
1347 19910420
1348 19910424
1349 19910425
1350 19910430
1351 19910507
1352 19910518
1353 19910527
1354 19910529
1355 19910604
1356 19910605
1357 19910606
1358 19910608
1359 19910615
1360 19910622
1361 19910627
1362 19910629
1363 19910705
1364 19910715
1365 19910716
1366 19910718
1367 19910719
1368 19910721
1369 19910723
1370 19910725
1371 19910726
1372 19910727
1373 19910729
1374 19910730
1375 19910812
1376 19910817
1377 19910901
1378 19910903
1379 19910930
1380 19911011
1381 19911013
1382 19911014
1383 19911017
1384 19911019
1385 19911023
1386 19911025
1387 19911102
1388 19911104
1389 19911109
1390 19911112
1391 19911115
1392 19911123
1393 19911202
1394 19911203
1395 19911204
1396 19911205
1397 19911206
1398 19911207
1399 19911208
1400 19911209
1401 19911210
1402 19911217
1403 19911218
1404 19911224
1405 19911228
1406 19911229
1407 19920109
1408 19920110
1409 19920116
1410 19920117
1411 19920123
1412 19920215
1413 19920218
1414 19920219
1415 19920220
1416 19920221
1417 19920224
1418 19920228
1419 19920327
1420 19920328
1421 19920330
1422 19920404
1423 19920408
1424 19920410
1425 19920419
1426 19920427
1427 19920501
1428 19920518
1429 19920602
1430 19920603
1431 19920604
1432 19920605
1433 19920607
1434 19920612
1435 19920613
1436 19920614
1437 19920616
1438 19920626
1439 19920701
1440 19920706
1441 19920711
1442 19920712
1443 19920828
1444 19920903
1445 19920905
1446 19920910
1447 19921011
1448 19921031
1449 19921102
1450 19921107
1451 19921124
1452 19921129
1453 19921203
1454 19921205
1455 19921206
1456 19921217
1457 19921220
1458 19921227
1459 19921229
1460 19930101
1461 19930103
1462 19930207
1463 19930209
1464 19930212
1465 19930213
1466 19930219
1467 19930222
1468 19930224
1469 19930226
1470 19930316
1471 19930317
1472 19930320
1473 19930401
1474 19930402
1475 19930420
1476 19930509
1477 19930510
1478 19930603
1479 19930607
1480 19930630
1481 19930703
1482 19930708
1483 19930727
1484 19931225
1485 19940102
1486 19940103
1487 19940129
1488 19940225
1489 19940301
1490 19940317
1491 19940320
